36624806974
61413991858
85890404610
50678983216
90126328706
32294280644
75994313815
06020552535
00709124325
33043433262
67676893275
69811978719
73752041528
35938975719
14595896379
00897692101
59893806828
84344679091
07794662842
61538492539
57122438228
20543671097
21642586579
09395871148
40255451873
43294360436
45062307104
81109073429
35543317590
81209581108
96371655337
53968952502
43328974474
90983087407
38662158862
91845351568
74491434298
37803947743
12222598184
31090397887
59831186176
80087070030
28090359035
87758062318
34645024302
38399715603
29650846735
10335024050
63860309404
66926028745
88775523019
75721219343
29079562483
78537689319
66166925310
47284724773
32628992914
02268346978
42996423259
60073220760
08062776530
23879086788
91338006185
54237875059
71198254610
15867359778
14151004386
60219480923
52758038773
15075132324
92147983977
74578600025
23113603102
55813674500
87251078287
99568220275
67085874597
32798062837
67711788118
06670778554
07281645236
58061075660
89347253898
09428352632
77492919468
45007600679
69175168995
57225783637
24276285739
52394656492
83362971890
72612983015
27792982866
48934699752
21278301992
52021229009
96313926358
33076192337
54791242939
84182495870
90632697067
47281316372
48331323700
97601607062
61542639298
06806129471
20416767524
20868725188
17032702236
01568251041
51579909795
04318064204
92107813680
42877654001
61066500045
95172707042
57157083540
60695999184
48793005199
47677921426
71448215471
61935023942
07930723011
57183077764
33750297800
79625802240
72686119438
31645477304
10031186408
04808686970
37975251763
58244475277
33155922508
12355564256
22302800826
92264164352
38832357330
81565989899
72984437985
29587240502
66343258205
02405627639
72058575709
12537348605
17119627163
53080550684
54709898367
02106461445
77843482580
49622796109
29702316707
18893959941
75693600289
92951113544
91460590910
77379702157
22913098703
40726484180
59962263328
88685716250
11858823757
48077109152
78481058815
06531817283
22173501534
25182699751
36752896488
18317299201
87051867733
00336241780
75160542671
68527091240
29018210811
62993984772
48053818684
47012912189
53116508690
82878496671
30634130978
40412723352
27328861738
05440367438
04683894904
63285408685
70246602600
37329569038
74967787533
61064547958
37187288778
73399742614
00129566004
34013909618
45061563409
38829388203
41275685420
88446732580
26376887937
17665572600
39572923528
20700436308
46173893347
63387025505
90437368130
96978198315
58367522575
06388967469
70640056466
86559591387
57725800786
96084693849
49028534695
02565870787
32939956596
26765718184
35638464808
71111091633
86360635313
58856768100
82730024700
68435429725
54986500007
64995788352
45353021207
61944421157
93493698933
28295133128
15595039396
90920156010
58516568245
60641498330
58500279630
39819445000
81558660500
90113183666
94433630705
71103737627
44733616910
38510799300
00072609389
23893237909
56095312175
12228325180
86225052356
56879978223
63313751555
50350579172
00075021331
66172050141
19414901582
04575167126
14526280178
69574893707
13337596576
35886489258
44632623059
71967938385
12141987911
63267142733
91289508445
95073236270
84601287090
49705921954
00168401355
08144857666
46674946036
68847935970
09183101560
23629291325
06503144920
61954617500
30694848590
45049715261
73167884290
50791816729
83835087789
95189180239
34274081320
71825292540
64374582673
79829658147
13409144331
31453931708
05808436028
36995227174
54541452030
09331910495
39782413402
01306592666
10274634600
61702190099
76396974762
79757521345
37684965115
55732536973
19671018505
39042300507
48739703185
45284350804
39310820594
46125628523
59077099522
82381750622
17977480417
66587949525
25372928808
03666613705
41285921372
30445564067
47861109577
12937078800
96314930910
54893760157
70106229060
22184645869
62993106180
87253078357
04219879447
47619836209
56113579700
39346694173
42197202278
81005515611
36442517896
43107283320
02031572490
43111223817
71968303693
63486406043
58646332322
74852568235
28338661600
56933093980
49929061509
68477139504
79966845372
54484901072
03224450436
38247075270
32528506562
53582301907
11476483280
21285382544
45809327737
33258389101
10091466962
21186818280
02138008290
04758707359
44946803033
94995441000
14369299039
05275743920
40206459904
78566160240
45574040220
32522327151
45781605053
94756197558
05083163080
57699872002
34947475803
26466554791
28737660420
88218441883
72394176890
49481599485
12804807266
10421370050
81018348182
02019109425
78173533601
84897866669
73853014283
26895113045
86937123817
33206446376
17946121571
67824366200
36143111472
34893085816
96614647822
93896063227
86565770344
04995044965
31440684383
17527744693
99295635558
90192949381
10412812932
08317050351
92696201072
57416392675
70254425429
83747473660
79114949083
70325849340
47773730539
24461017397
36097627300
19562481379
13847896938
85741822061
32081818094
47920106753
88581342655
58266044252
38295197614
46174397734
11951255500
02784292380
26027557702
28701411578
68912351036
43903458937
02860917713
76184131770
92958567400
17293594348
92859550291
27335220866
74137716676
09490456675
31893582140
90970142552
15986800303
17869696455
41112419560
16681259510
22467489841
33541772760
42353414214
37079312507
76389857373
92481917626
84430787239
60384938914
91008015857
78979824599
06102966635
78759000856
31354474481
71983635472
85003066376
83420966105
24199805818
71813060061
84382489423
66375917344
35526856348
30300823266
94945932190
83979413470
09830291138
25365935683
98555648203
88913462761
03471604847
17245314330
38062679365
60774449101
38577036014
35860875274
88218105778
98298885848
27466554628
65140495759
45746536040
17294060096
11700158678
14967159931
83413637398
05622328500
20208998845
96851315033
87888119808
21466731680
55349877232
83194997807
08809973038
50821292366
58068346708
87355608940
84747951849
86188924324
38327526251
17039000148
34124451261
14445960047
68439268190
84641059918
67124397367
56354460434
71619406721
45417802409
41370758758
36896428767
41987633563
46636690690
66776254192
12226046984
29980026332
08085884941
99819007372
05494277836
38523514643
83801873854
62270968735
63170997157
34702528157
02430963566
21751074935
40666620806
59369252428
77948038884
66092123177
12385352915
89126936038
86482453465
17648066700
52287300449
58964546350
11159692181
21950704122
42437438602
34056955620
32671414005
84466710694
60785171207
75421920518
46799864256
66143688265
49563250885
80210205989
28346030738
61007254289
93412744514
31685924980
92036613870
60599567422
09373699342
24984405422
86328279361
23395811255
58262809050
48984760072
03132631671
83110269392
83590290161
94336628653
29668044754
81343168910
68874756003
69741960751
59999144934
89890857561
27423919080
43218755522
67099169106
76332323906
10064147207
44440393969
21158662823
55269040590
50387708510
36572246450
46885251259
34317855496
64988105482
47633343362
77233631921
96391477612
94804755101
59125036742
95781267000
54051888754
17473511483
45817195429
64650329531
56998715358
62815708981
26545764853
24277308740
96063090029
70420306137
77243058035
29722793012
22347912941
23381186930
34114261281
18003826004
43552960759
88259525119
55857275679
16915810200
19074589723
60157442195
81816253073
11397793899
41765306426
10807844543
47783278612
58364780310
63442991420
76427548506
10850195438
37345232301
39601739386
70349116490
42840961091
96808541167
00159467381
59669563402
97467214537
08188243280
00083725431
68564077426
45668532500
13715641088
30113303602
28301088338
34388554618
14299210999
07811361647
41032458674
20429049706
96285862117
18843597876
83452950883
98479746599
82780184485
95824591075
37336497969
86588273649
57209511300
29520575910
98796680903
14812349788
59854585476
68738424940
76727457352
37085807024
33288616025
49785270823
35986305140
25071055180
01247530353
11013968220
05388778711
84622685752
28345953484
44585172440
53101190193
18415961243
99220176017
41383469105
92524310558
11341292037
56164876354
21232442879
88424809408
26645614489
81434557774
11900805081
02271073227
44851836880
46182657014
28240413072
40061434000
45914043743
81145258433
55265845348
12182833943
96419741300
58865103035
71793453349
12898378569
03504471956
69811449139
27574497702
07964961292
43172881849
55506003234
22331408262
47164718610
29942084665
70285773500
39727215874
18927785053
66571337401
31077844433
78910677597
01621094901
13621909508
30902387219
89104440889
23011056013
37454591213
11071599542
82608614531
69189174801
79042903082
65475745714
35746485969
54090116198
70246557044
96555569565
09889651270
04683637340
23694919651
82322594180
19364133536
00978515587
44714781766
02594882836
65425718411
68270256323
64461269809
25855687767
42591033420
69141505670
29494331117
57460250384
66497724613
14816938249
78353468000
51380418194
40636797643
61984912267
25363887789
07004541797
95416506270
49087553102
53692453809
80552513806
35575800083
72355280282
35755782490
36138192605
73898723062
75709825174
28099523458
80688408699
22971184650
58705655617
65298373968
61438873220
63948835659
39940246412
00352350717
82760309207
86704241264
58079777500
79840428969
18060186590
15936008444
66602793004
56524458745
75502814246
88395138253
16426410730
74496267489
85046321807
75627856513
40772619107
97667730172
35524875221
56872378522
27826954282
73122466805
15663138560
31341993353
68085368994
04410614274
47643288879
60369788630
74341108212
70396362397
46039896108
18679021768
58153262408
11463455348
78047412515
20441157513
36097181612
56365879296
64360243448
53160957233
58127060933
56231448452
58612090814
30587527846
69192923860
10633985503
03959169507
91306961270
60756340705
53936193401
70240684699
46769429900
11768171246
34684937119
31042472343
40308118332
37883845225
16421621910
31542860474
17125455905
51760660760
56177235379
25801439129
13917175894
06062455538
89731168273
74678069909
69674665420
83440151468
83062419083
41008407216
81866935801
87043793220
26751613814
93064951025
18569340206
39712425967
99595384275
92499702850
95940490816
94855779822
76050987408
60471156671
61224576209
02393701206
13314859759
34608820770
86795877450
43738782850
16411300321
13607114579
52433753570
33794554825
71927877601
22757239783
11517978980
31483083527
26411641919
55201185665
19913884110
92510091204
43077483360
68509355185
66409370938
00839099665
20966822072
02966632550
95419127377
04208159375
88879957023
82774169208
42058078802
28870053750
66244041917
44339326801
06239380652
50575805587
09223439930
78138660023
97429047238
42904498320
46814877597
50321675339
86972198500
33967865991
75331405169
01591466156
48727576450
11018939580
12999373902
32386831795
91883198658
84287364724
61247012786
48300491899
70099501562
60640971083
69809977344
60942771397
29340815246
67075976800
57082603606
62293260518
17522473969
80637189256
79373909487
94837049010
71960696173
22632016703
76253024400
40800018940
69780398376
15223961790
69673561192
41229398791
89906507985
25472273471
38418299029
43242428528
03039223542
68690027890
14586589027
69411837999
30256355843
59122976248
68241890060
16716753630
82682085466
07267544550
21005149895
27476200691
70532496116
05212165164
74694514474
11854000365
97988143123
06483100868
37082367007
14550536519
65122868638
83222508275
98802296065
62902799128
03854985002
04033573062
93635998176
70825832730
20085471674
34595050011
03597371612
07467284179
44838354169
61264515111
41376044790
72037787979
63273917962
22077860995
61444431854
03839049270
69795531000
30264849620
77319590662
70380993708
67199266162
99877262088
01273794281
97415361865
43879307300
18435112152
09038804822
73989914103
49358204702
57400124730
51088568491
57882639303
36523163806
07155063827
53400903450
35555691980
17373216960
89581523111
57469576584
55158898359
36337388437
58723167475
00101563485
53224477849
42768601993
08580777100
68954849652
77216422996
30191427845
40297241672
75905557896
66645033877
51411029046
15841936549
95989823355
47785334455
20510039391
65150198153
57565706833
75562298902
46367661484
45293151428
68368897335
61622634012
84832076566
91435786912
70997295350
39334413905
01995502120
51824838301